91 45
79 207
176 125
81 139
10 116
52 82
128 133
34 34
112 51
152 125
62 191
204 191
133 52
113 93
107 112
133 139
147 230
57 84
103 125
128 206
223 85
77 212
112 112
114 125
79 84
137 84
144 112
113 84
6 45
34 82
239 8
158 230
85 197
143 199
174 134
81 228
191 199
224 233
169 84
52 139
137 125
211 125
201 230
217 125
142 101
92 72
68 192
131 53
19 139
241 228
177 112
142 196
124 84
116 82
4 112
150 167
122 112
20 72
144 196
16 51
189 82
128 147
28 5
107 107
89 116
168 168
210 121
40 84
213 213
40 199
199 84
67 67
232 232
166 40
204 199
172 84
144 167
81 91
165 116
131 139
91 139
194 84
137 85
171 136
238 116
58 151
166 199
128 52
38 139
89 89
113 232
38 77
187 187
137 144
144 144
236 84
69 125
142 84
175 228
156 87
19 91
191 191
21 84
150 131
223 84
194 93
91 136
44 84
93 197
93 82
52 133
